100 2
83 0.21898632 -0.107769676
6 0.11286015 0.09775062
20 -0.052520525 -0.17308721
46 -0.19260156 0.22473375
86 -0.23359478 -0.11837383
71 0.019465176 -0.04701283
95 -0.08949585 -0.14597993
21 -0.07622638 0.12640089
82 0.11610545 0.23924161
39 0.0055191736 0.11789782
36 -0.22860366 0.2242231
17 0.06369794 -0.11636854
55 -0.015099344 -0.13993652
57 0.21375218 -0.20084462
62 0.22116865 -0.08035666
9 0.12760097 0.16382308
90 -0.06725942 -0.0707801
2 -0.02459104 0.15652573
40 0.018925276 0.068112954
32 0.2162412 0.0395231
67 0.2011995 -0.16316059
59 -0.20333558 0.17730048
14 0.068836994 0.053054407
26 -0.20880203 -0.10184569
97 0.15096809 -0.1329839
88 0.13470557 0.23471588
30 -0.048898477 -0.04414437
43 0.1097047 0.007866696
5 -0.18329929 -0.14312662
22 -0.10578744 -0.049557503
91 -0.17097175 0.10701507
78 -0.099181704 -0.12235112
66 0.029763633 -0.15905282
80 0.04067607 0.10582787
50 -0.096827075 -0.16671763
7 0.15537667 0.016509673
52 0.13147688 -0.12396293
68 -0.16333927 0.24164513
53 0.02742369 -0.24695759
60 0.24608557 0.09775694
63 0.18067154 -0.07525052
54 -0.14287128 -0.0006358369
58 0.21440254 -0.026188357
65 -0.17994629 0.042619932
51 0.09914779 0.11355933
81 0.030159246 0.059676655
12 0.0357906 -0.08529288
44 -0.16029434 -0.13993865
41 -0.03441333 -0.15744327
72 -0.1406344 0.16278833
19 -0.054165848 0.03291201
34 0.21583185 -0.1010434
61 0.024925902 0.04603559
76 -0.19724083 -0.23087415
3 0.025189845 -0.083586015
13 0.15416291 -0.119092144
89 0.115202785 -0.07489702
85 -0.0045270715 -0.06690313
45 0.2336097 -0.19999503
4 0.23609753 0.13328372
25 0.048849784 -0.22708315
56 -0.034847684 -0.15469235
98 -0.17589684 0.10391991
70 0.08806307 -0.02666521
94 0.23009679 0.017628357
37 -0.023357978 0.1233964
10 -0.11147664 -0.03860796
33 0.127486 -0.15049739
64 0.23998848 -0.039967008
15 -0.07437656 -0.16801056
96 -0.18862 0.015821937
99 0.12864287 0.2201999
38 0.104617245 0.1457122
42 -0.15688258 0.094183244
24 0.014584103 0.0048340927
28 -0.24210799 -0.09804793
79 -0.17520262 0.15402414
75 0.04747634 0.2154493
49 0.09234383 -0.055831864
35 0.004813176 0.03431814
18 0.17465474 0.065673694
87 -0.108468994 -0.027310248
73 -0.21731034 0.10738721
23 -0.2131266 -0.056413148
11 0.20688353 0.13524532
31 -0.14568466 0.06445685
48 -0.1480725 -0.1869652
0 0.17832838 -0.043463416
47 0.037409022 -0.19850188
93 0.09480769 0.07205626
92 0.03574567 -0.13825943
69 0.10808765 -0.01806881
77 -0.15189144 -0.04513192
16 -0.1602673 0.24252549
74 0.16912399 -0.03127972
27 -0.18105322 0.17677839
84 0.16386029 0.14736266
29 -0.10486061 0.14797297
8 -0.03896474 -0.080238484
1 -0.24646306 0.024823612
